autopilot_type: 1

time_start: 1429215089378
time_stop: 1429215403749

speed_min: 0.0
speed_max: 98.852295672

altitude_min: 242.25001526
altitude_max: 334.18063354
